
################################################################################
# Gelman-Rubin Diagnostic
################################################################################

Generally the Gelman diagnostic should be < 1.05


Out of 106 variables: 9 > 1.01

                      
0 > 1.05

                      
0 > 1.1


The worst variables are:

              Point est. Upper C.I.
p.fac1[3,3]     1.023295   1.080700
p.fac1[15,1]    1.022063   1.048148
p.fac1[6,1]     1.018540   1.042638
p.fac1[3,1]     1.017587   1.051346
p.fac1[1,1]     1.015829   1.046636
p.global[1]     1.015829   1.046636
ilr.fac1[3,2]   1.015692   1.050997
p.fac1[11,1]    1.010674   1.030851
ilr.fac1[7,1]   1.010324   1.034306
p.fac1[5,1]     1.009933   1.030925


And here are the Gelman diagnostics for all variables:

               Point est. Upper C.I.
deviance        1.0012067  1.0068278
ilr.fac1[1,1]         NaN        NaN
ilr.fac1[2,1]   1.0019402  1.0069336
ilr.fac1[3,1]   1.0004830  1.0033419
ilr.fac1[4,1]   0.9996965  1.0006261
ilr.fac1[5,1]   0.9998644  1.0003809
ilr.fac1[6,1]   0.9997136  1.0001253
ilr.fac1[7,1]   1.0103241  1.0343059
ilr.fac1[8,1]   1.0020885  1.0084043
ilr.fac1[9,1]   1.0015156  1.0063681
ilr.fac1[10,1]  1.0012364  1.0040672
ilr.fac1[11,1]  1.0012660  1.0034099
ilr.fac1[12,1]  0.9994029  0.9997513
ilr.fac1[13,1]  1.0008916  1.0035364
ilr.fac1[14,1]  1.0001218  1.0004256
ilr.fac1[15,1]  0.9993080  0.9993587
ilr.fac1[16,1]  0.9997592  1.0008192
ilr.fac1[17,1]  0.9998517  1.0016192
ilr.fac1[1,2]         NaN        NaN
ilr.fac1[2,2]   1.0006056  1.0042527
ilr.fac1[3,2]   1.0156915  1.0509968
ilr.fac1[4,2]   1.0007540  1.0048850
ilr.fac1[5,2]   1.0007611  1.0017187
ilr.fac1[6,2]   1.0005507  1.0011462
ilr.fac1[7,2]   1.0008742  1.0042356
ilr.fac1[8,2]   1.0004488  1.0025424
ilr.fac1[9,2]   1.0020250  1.0097705
ilr.fac1[10,2]  1.0000554  1.0015966
ilr.fac1[11,2]  1.0002993  1.0032611
ilr.fac1[12,2]  1.0002263  1.0028998
ilr.fac1[13,2]  0.9998892  1.0010189
ilr.fac1[14,2]  1.0009509  1.0020486
ilr.fac1[15,2]  1.0025001  1.0041244
ilr.fac1[16,2]  1.0005570  1.0029245
ilr.fac1[17,2]  0.9997563  1.0000749
loglik[1]       1.0007277  1.0027496
loglik[2]       1.0020517  1.0059143
loglik[3]       1.0012230  1.0018188
loglik[4]       0.9996520  1.0004061
loglik[5]       0.9997035  1.0005321
loglik[6]       0.9997556  1.0016089
loglik[7]       0.9998548  1.0002660
loglik[8]       1.0031408  1.0083401
loglik[9]       0.9996047  1.0004823
loglik[10]      1.0000382  1.0027523
loglik[11]      1.0000542  1.0019591
loglik[12]      1.0001979  1.0018716
loglik[13]      1.0010530  1.0031715
loglik[14]      1.0031434  1.0077618
loglik[15]      1.0013187  1.0068661
loglik[16]      1.0055929  1.0171935
loglik[17]      1.0047120  1.0195348
p.fac1[1,1]     1.0158292  1.0466361
p.fac1[2,1]     1.0096458  1.0288358
p.fac1[3,1]     1.0175871  1.0513464
p.fac1[4,1]     1.0020298  1.0088450
p.fac1[5,1]     1.0099335  1.0309252
p.fac1[6,1]     1.0185402  1.0426380
p.fac1[7,1]     1.0027736  1.0061435
p.fac1[8,1]     1.0052361  1.0150335
p.fac1[9,1]     1.0033012  1.0098522
p.fac1[10,1]    1.0076332  1.0226043
p.fac1[11,1]    1.0106736  1.0308505
p.fac1[12,1]    1.0099017  1.0283670
p.fac1[13,1]    1.0087232  1.0279628
p.fac1[14,1]    1.0037571  1.0138932
p.fac1[15,1]    1.0220625  1.0481476
p.fac1[16,1]    1.0097495  1.0243018
p.fac1[17,1]    1.0071899  1.0228398
p.fac1[1,2]     1.0006954  1.0028407
p.fac1[2,2]     1.0010401  1.0044295
p.fac1[3,2]     1.0086877  1.0317156
p.fac1[4,2]     0.9997009  0.9998862
p.fac1[5,2]     0.9995313  0.9997470
p.fac1[6,2]     1.0002498  1.0020808
p.fac1[7,2]     1.0010729  1.0052535
p.fac1[8,2]     1.0011331  1.0054346
p.fac1[9,2]     1.0003452  1.0036705
p.fac1[10,2]    0.9995993  1.0007997
p.fac1[11,2]    1.0005102  1.0021936
p.fac1[12,2]    1.0019073  1.0086983
p.fac1[13,2]    0.9998374  1.0006606
p.fac1[14,2]    1.0014783  1.0026951
p.fac1[15,2]    0.9997364  1.0015831
p.fac1[16,2]    1.0013174  1.0044560
p.fac1[17,2]    0.9992370  0.9995694
p.fac1[1,3]     1.0055133  1.0202967
p.fac1[2,3]     1.0034194  1.0145471
p.fac1[3,3]     1.0232947  1.0807004
p.fac1[4,3]     1.0004800  1.0030609
p.fac1[5,3]     1.0010893  1.0054958
p.fac1[6,3]     0.9998148  0.9999499
p.fac1[7,3]     1.0031796  1.0116980
p.fac1[8,3]     1.0032322  1.0110392
p.fac1[9,3]     1.0023738  1.0102155
p.fac1[10,3]    1.0038820  1.0140705
p.fac1[11,3]    1.0039274  1.0169079
p.fac1[12,3]    1.0060886  1.0232968
p.fac1[13,3]    1.0013092  1.0061548
p.fac1[14,3]    1.0016647  1.0062405
p.fac1[15,3]    1.0015676  1.0078258
p.fac1[16,3]    1.0027414  1.0103670
p.fac1[17,3]    1.0005571  1.0044776
p.global[1]     1.0158292  1.0466361
p.global[2]     1.0006954  1.0028407
p.global[3]     1.0055133  1.0202967

################################################################################
# Geweke Diagnostic
################################################################################

The Geweke diagnostic is a standard z-score, so we'd expect 5% to be outside +/-1.96
Number of variables outside +/-1.96 in each chain (out of 
106
):


       Chain 1 Chain 2 Chain 3
Geweke      18       2       4


And here are the Geweke diagnostics for all variables:

               chain1 chain2 chain3
deviance       -2.061  0.180 -0.142
ilr.fac1[2,1]   0.804  0.326  0.915
ilr.fac1[3,1]  -0.667 -0.154  1.070
ilr.fac1[4,1]   0.174 -0.101  0.249
ilr.fac1[5,1]   1.213  1.615 -0.111
ilr.fac1[6,1]   0.412 -1.206 -0.560
ilr.fac1[7,1]  -0.550  1.035 -0.276
ilr.fac1[8,1]  -1.611 -0.004 -1.572
ilr.fac1[9,1]  -1.829 -0.194 -0.797
ilr.fac1[10,1] -0.360  2.154  1.586
ilr.fac1[11,1]  0.389 -0.204 -2.098
ilr.fac1[12,1] -0.333  0.420 -0.194
ilr.fac1[13,1] -1.083  0.355 -0.018
ilr.fac1[14,1]  1.587 -0.138 -0.456
ilr.fac1[15,1]  1.558  0.043  1.768
ilr.fac1[16,1]  0.804 -1.043  0.429
ilr.fac1[17,1] -1.241  0.831  1.414
ilr.fac1[2,2]   0.135  0.011 -0.021
ilr.fac1[3,2]   0.948 -0.369 -0.373
ilr.fac1[4,2]  -2.124  1.213  2.527
ilr.fac1[5,2]  -0.933  1.755 -0.309
ilr.fac1[6,2]   0.444 -0.230 -0.222
ilr.fac1[7,2]   2.307 -1.054  1.596
ilr.fac1[8,2]  -0.656 -0.584  0.513
ilr.fac1[9,2]  -2.214  0.631 -1.311
ilr.fac1[10,2] -0.830  0.786  1.991
ilr.fac1[11,2]  0.040  0.018 -0.897
ilr.fac1[12,2] -0.038  0.715 -0.020
ilr.fac1[13,2]  0.503 -1.250  0.337
ilr.fac1[14,2]  1.018  0.582 -0.503
ilr.fac1[15,2]  0.208  0.297  0.689
ilr.fac1[16,2] -0.677 -2.065 -0.159
ilr.fac1[17,2] -1.166 -1.427  0.140
loglik[1]      -0.215  1.326  1.031
loglik[2]       2.380  0.164 -0.272
loglik[3]       1.572  0.467  0.925
loglik[4]       1.802  0.584  1.189
loglik[5]       1.665 -1.393  0.546
loglik[6]      -2.114 -0.572 -1.602
loglik[7]       5.257  1.059  1.325
loglik[8]      -1.489 -0.607  0.485
loglik[9]       3.586 -0.607 -1.302
loglik[10]      3.684  0.585 -0.584
loglik[11]      2.048 -0.673 -0.026
loglik[12]      1.521 -0.387 -1.507
loglik[13]     -0.088 -0.199 -0.704
loglik[14]     -0.490  0.480 -0.210
loglik[15]     -0.633 -1.011  1.326
loglik[16]     -1.138 -0.950 -0.410
loglik[17]     -1.177  0.643  2.071
p.fac1[1,1]     0.637  0.863 -0.111
p.fac1[2,1]     0.356  0.569 -0.081
p.fac1[3,1]     0.990  0.724  0.201
p.fac1[4,1]     0.604  0.920  1.284
p.fac1[5,1]     0.282  0.552 -0.856
p.fac1[6,1]     0.218  0.447 -0.606
p.fac1[7,1]     0.242  1.769  0.189
p.fac1[8,1]    -0.008  1.253 -1.068
p.fac1[9,1]    -1.355  1.831 -1.349
p.fac1[10,1]    0.602  1.189  1.268
p.fac1[11,1]    0.462  0.802 -0.354
p.fac1[12,1]    0.499  1.055 -0.063
p.fac1[13,1]   -0.573  0.868 -0.434
p.fac1[14,1]    1.306  0.948 -0.673
p.fac1[15,1]    1.478  0.448 -0.437
p.fac1[16,1]    0.291  0.479 -0.107
p.fac1[17,1]   -0.731  1.337 -0.144
p.fac1[1,2]    -1.780  1.176 -0.235
p.fac1[2,2]    -1.351  0.147 -0.637
p.fac1[3,2]    -0.278 -0.139 -1.558
p.fac1[4,2]    -2.420  0.452  1.062
p.fac1[5,2]    -2.634  1.247  0.246
p.fac1[6,2]    -0.284  0.728  0.165
p.fac1[7,2]     2.569 -0.980  1.179
p.fac1[8,2]    -0.024 -1.088  1.388
p.fac1[9,2]    -0.104  0.826 -0.409
p.fac1[10,2]   -2.218 -0.266  0.280
p.fac1[11,2]   -2.158  0.046  0.276
p.fac1[12,2]   -0.280  0.924  0.146
p.fac1[13,2]    0.493 -0.416 -0.115
p.fac1[14,2]   -0.702  1.329 -0.097
p.fac1[15,2]   -1.684  0.624 -0.643
p.fac1[16,2]   -1.535 -0.205  0.466
p.fac1[17,2]   -1.750 -1.065 -0.414
p.fac1[1,3]     1.167 -1.526  0.294
p.fac1[2,3]     0.927 -0.480  0.601
p.fac1[3,3]    -0.555 -0.609  1.133
p.fac1[4,3]     1.957 -1.246 -1.734
p.fac1[5,3]     2.198 -1.203  0.074
p.fac1[6,3]     0.226 -1.149  0.034
p.fac1[7,3]    -2.991 -0.183 -1.438
p.fac1[8,3]     0.027  0.245 -1.026
p.fac1[9,3]     0.645 -1.885  0.920
p.fac1[10,3]    1.053 -0.922 -1.053
p.fac1[11,3]    1.162 -0.805 -0.027
p.fac1[12,3]   -0.022 -1.424 -0.093
p.fac1[13,3]   -0.709 -0.076  0.357
p.fac1[14,3]    0.262 -1.597  0.340
p.fac1[15,3]    0.967 -0.830  0.781
p.fac1[16,3]    1.405  0.026 -0.456
p.fac1[17,3]    2.024  0.099  0.461
p.global[1]     0.637  0.863 -0.111
p.global[2]    -1.780  1.176 -0.235
p.global[3]     1.167 -1.526  0.294
